000.1111101
011.1111001
011.1111011
111.1111101
100.1111111
011.0000000
111.1111111
011.1111001
100.1111111
011.0000000
011.1111011
111.1111111
000.1111111
000.1111111
100.1111111
011.1111011
111.1111111
000.1111111
100.1111111
111.1111111
011.0000000
100.0000000
111.1111001
111.0000000
111.1111111
011.1111111
011.1111111
011.1111111
011.0000000
011.1111111
111.1111111
011.1111101
011.1111001
000.1111111
111.1111101
100.1111001
000.1111101
111.1111101
100.1111101
111.1111101
000.0000000
011.1111101
100.1111111
000.0000000
011.1111011
100.1111001
011.1111001
111.1111101
000.1111111
000.1111101
100.1111111
011.1111111
100.1111111
011.1111011
111.1111001
111.1111101
100.1111101
111.1111111
100.0000000
000.1111111
100.1111111
100.0000000
000.1111111
000.1111111
100.0000000
111.1111111
111.1111111
111.0000000
111.1111101
100.1111001
000.1111111
100.1111101
000.1111111
000.1111111
100.1111111
100.1111111
100.1111101
000.1111111
111.1111111
111.1111111
100.1111011
000.1111001
000.0000000
100.1111101
011.1111101
111.0000000
100.1111111
100.1111111
011.1111111
111.1111111
111.1111101
000.1111011
100.1111101
000.1111111
100.1111001
011.1111111
011.1111001
000.1111111
111.1111111
100.1111011
100.1111011
100.1111111
011.0000000
000.0000000
000.1111111
111.1111101
011.1111101
000.1111111
100.1111011
000.1111111
111.1111111
100.0000000
111.1111111
100.1111111
000.1111111
111.1111111
011.1111001
011.1111111
111.1111011
011.1111011
000.1111111
000.1111111
100.1111101
000.1111101
011.1111111
011.1111111
011.1111111
100.1111111
011.1111111
111.1111111
000.1111101
111.1111111
111.0000000
100.1111111
011.0000000
000.1111101
100.1111101
100.1111001
000.1111111
111.1111111
100.1111101
100.1111111
011.1111011
000.1111101
011.1111111
000.1111101
000.1111111
100.1111101
011.1111111
000.1111111
111.1111101
011.1111101
000.1111001
111.1111101
011.1111101
100.1111101
011.1111011
111.1111101
011.1111111
011.1111101
100.1111111
100.1111101
011.1111011
111.1111101
000.0000000
011.1111101
100.1111111
100.1111001
011.1111001
011.0000000
000.1111111
011.1111101
100.1111111
000.1111111
011.1111111
100.1111001
111.1111111
011.1111101
011.0000000
100.1111111
011.1111001
111.0000000
000.1111011
100.1111101
100.1111001
011.1111001
000.1111111
111.1111011
100.1111101
000.1111101
011.1111111
111.1111101
011.0000000
011.1111101
000.1111111
011.1111111
100.1111111
111.1111101
000.1111101
011.0000000
111.1111111
011.1101111
011.0000000
010.1111001
000.1111001
001.1111111
101.1111011
101.1110101
011.1111001
111.1111111
110.1111111
010.1110011
111.1111101
010.1111001
001.1111101
110.1111001
001.1101111
001.1110101
111.1111011
101.1100111
110.1101001
101.1110011
001.1111001
101.1110111
111.1101111
111.1110101
011.1111001
010.1110001
110.1101001
110.1111101
100.1101001
111.1111111
001.0000000
110.1111101
010.1111011
100.1111011
000.1110111
010.1101001
101.1111111
100.1111111
111.0000000
010.1111001
011.1110101
000.1100001
110.1110101
100.1111111
110.1110111
010.1111111
100.1101011
100.1110001
010.1111101
011.1100001
101.1101111
011.1111111
111.1110011
100.1101011
000.1111101
001.1111111
000.1111001
000.1111111
111.1111111
010.1110011
001.0000000
110.1100101
111.1111011
000.1100011
010.1111101
101.1111111
000.1111011
011.1101001
100.1110011
010.1100011
110.1101001
011.1100111
000.1100101
111.1111001
000.1110101
000.1111101
001.1111101
111.1111111
111.1111111
011.1111011
001.0000000
000.1111001
010.1100101
000.0000000
110.1111111
110.1101001
010.1100111
001.1110011
000.1110011
000.1100111
110.1101111
001.1111001
101.0000000
010.1111101
110.1111111
010.1111001
110.1110011
111.1111001
010.1110001
000.1101101
101.1101001
100.0000000
001.1111101
010.1110001
001.1110001
001.1110001
111.1111111
011.1110101
001.1110111
111.1101001
011.1110101
111.1100101
100.1111111
011.1111001
111.1111101
000.1101011
000.1110111
010.1110011
101.1110001
010.0000000
111.1101011
011.1111101
100.1110011
000.1100001
000.1111111
110.1110011
001.1111111
101.1110101
001.1101011
000.1111111
010.1110011
010.1101111
000.1111001
000.1111101
111.1110011
001.1110111
110.1111111
110.1101011
010.1111011
001.1100011
010.1111001
011.1110011
111.1101111
100.1100101
010.1111111
100.1110011
111.1111111
101.1100101
000.1110011
111.1111101
101.1111111
000.1101011
101.1111101
000.1110101
001.1110001
010.1110011
111.1111111
111.1100111
000.1100101
001.1111001
001.1100011
011.1111111
111.1100111
010.1111001
011.1101001
100.1110101
010.1110011
000.1101001
101.1111111
110.1111101
011.1110111
010.1110101
111.1100111
010.1110101
011.0000000
111.1111001
001.1110011
001.1110001
010.1111111
110.1101101
100.1110011
000.0000000
000.1111111
110.1100111
000.1110011
011.1111001
101.1110111
010.1111111
100.1110101
101.0000000
100.1111001
011.1110101
000.1111111
101.1111111
111.1100011
100.1110011
100.1110001
111.1110101
100.1011011
100.1111101
000.1000101
000.1100011
100.1000011
000.1110001
100.1110111
100.1111001
000.1101011
000.1001001
100.1100001
000.1111111
000.1110101
000.1001101
000.1011111
100.1010111
000.1101111
100.1111111
100.1010001
000.1101101
000.1100001
100.1101101
100.1100101
000.1000111
100.1010001
000.1111111
000.1110011
000.1100011
100.1111111
000.1101001
000.1111011
000.1111111
100.1111111
000.1001001
000.1101111
100.1010101
000.1111011
100.1111111
000.1001101
100.1001001
100.1111011
000.1011001
000.1001111
100.1111111
100.1101111
100.1101001
000.1100001
100.1101101
000.1110101
000.1101111
000.1000101
100.1110101
100.1000001
000.1101001
100.1111111
100.1010011
100.1000011
000.1111001
100.1100111
000.1101011
000.1111111
100.1111111
000.1110011
100.1110001
000.1100111
000.1111111
000.1110001
000.1110011
100.1100001
100.1110001
000.1100001
000.1110011
100.1110111
000.1000001
100.1100101
100.1111111
100.1110111
100.1001011
100.1110101
000.1111001
000.1000011
100.1111011
100.1111001
100.1110001
100.1111001
000.1111101
000.1110111
000.1100001
000.1001011
000.1111001
100.1110111
100.1111111
100.1011001
000.1011111
100.1100001
100.1011111
100.1011111
000.1010001
000.1011111
000.1111111
100.1110001
000.1110011
100.1010001
100.1001001
100.1101101
100.1001001
100.1111001
000.1110111
100.1111011
000.1111011
000.1110111
000.1011101
000.1110011
100.1111101
100.1101111
100.1111111
000.1101111
000.1011101
000.1001101
000.1100001
100.1100011
000.1111011
100.1111101
000.1111001
000.1100111
100.1110101
000.1111111
100.1100011
100.1010101
100.1100011
000.1110111
100.1111111
000.1101001
000.1011101
100.1111111
000.1100111
100.1110011
100.1101011
000.1101001
000.1010001
000.1110001
000.1111011
000.1110001
100.1100001
000.1001111
000.1110111
000.1111111
100.1101101
100.1111101
000.1110001
100.1011101
100.1001111
100.1110101
100.1111001
100.1001101
100.1110101
000.1111011
100.1000101
100.1111111
000.1011101
000.1110101
000.1011101
000.1111111
100.1111111
100.1100011
000.1110101
100.1111101
100.1111011
000.1111111
100.1100101
100.1111011
000.1110011
000.1101101
000.0000000
000.1111111
100.1101011
100.1111101
100.1110011
100.1001011
100.1111111
000.1100101
000.1111011
100.1111101
100.1101001
100.1111111
000.1100011
100.1111111
100.1100001
000.1110111
100.1110001
100.1010101
100.1010011
000.1111111
100.1111001
100.1011111
100.1110111
100.1000111
000.1010111
100.1100001
000.1100011
100.1111111
100.1111101
000.1111111
100.1111111
100.1111111
000.1111111
000.1111001
100.1111101
000.1111101
100.1110011
000.0000000
000.1110001
000.1110011
000.1111011
100.1111101
000.1111011
100.1111111
100.1111111
000.1110001
100.1111101
000.1110101
000.1111011
000.1111111
100.1111111
000.1111101
100.1111111
000.0000000
000.1111011
000.1111101
100.0000000
100.1111111
000.0000000
100.1111011
100.1110001
000.1111111
100.1111101
000.1111001
100.1111001
100.1110101
000.1111111
100.1111101
100.1111111
100.1111001
100.1110111
000.1111001
000.1111011
100.1111101
100.1111111
000.1111101
100.1111111
100.1111111
100.1111111
000.1111101
100.1111001
100.1111101
000.1110001
100.1110111
100.1111101
000.1110101
000.1110011
100.1111001
100.1111111
000.1111101
000.1111111
100.1111001
100.0000000
100.1111101
000.1111101
100.1111011
000.1110011
100.1111111
100.1111111
000.1111111
100.1111111
100.1111001
000.0000000
000.1111001
000.1110101
000.1111001
000.1111111
100.1111111
000.1111111
000.1111101
000.1111001
100.1111111
000.1111111
100.1110011
000.1111111
100.1111011
100.1111001
000.1111111
100.1111011
100.1111011
000.1111111
100.1111111
100.1111011
100.1110111
100.1110101
100.1110011
000.1111111
100.1111111
100.1111111
100.0000000
100.1110011
000.1111101
100.1110011
100.1111001
000.1111111
000.1111111
100.1111101
100.1111111
000.1111101
100.1111101
100.0000000
000.1111101
100.1110101
000.1111111
000.1111111
100.1110111
000.1111011
000.1111001
100.1111001
000.1110101
100.1111011
000.1110101
100.1110001
100.1110001
100.1111011
000.1111111
000.1111001
000.1110101
000.1110001
100.1110111
100.1111101
100.1110011
100.0000000
100.1110001
000.1111101
000.1111011
100.1111111
100.1110001
100.1111101
000.1110101
000.1111001
100.1111111
100.1111101
000.1111111
000.1111011
100.1110101
000.1111111
000.1110101
100.1111001
100.1111111
000.1111101
100.1110001
100.0000000
000.1111111
000.1111111
100.1110001
000.1110111
100.1111101
000.1111111
000.1111001
100.1110001
100.1110011
100.1110111
100.1111011
100.1111001
000.1111001
100.1111011
000.1110011
100.1111101
100.1111001
000.1111001
100.1111101
100.1110001
000.1110101
000.1111111
000.1110111
100.1110101
100.1111111
100.1111111
100.1111001
000.0000000
000.1111001
100.1111101
000.1110011
000.1110011
000.1110001
000.1111101
000.1111101
100.1111011
100.1111101
000.1110001
100.1111111
000.1111111
000.1110011
000.1110101
000.1111111
100.1111001
011.1111001
011.0011101
011.1011001
000.1101011
011.1100111
100.0010011
011.1110001
011.1000101
100.1110111
111.1011011
011.1110111
011.1111001
011.0000000
011.1001001
100.1000101
111.1010011
011.0110101
011.0001111
100.0001111
000.1111011
100.1100101
000.1000111
111.1111001
111.0001101
111.0000111
100.1111111
100.0010111
011.1110101
011.1010101
000.0001011
000.1101111
100.1001001
100.1111011
100.1111001
000.1101111
011.1110111
011.0000101
100.1010001
000.1101101
011.1001011
000.0110011
000.1111011
000.1111001
000.1010101
011.0100111
111.0001001
000.0110011
100.1010111
111.1111101
111.1010011
011.1001111
000.1001101
011.1111001
011.1111111
100.1111111
100.1011011
100.0001111
100.1101101
011.1100011
011.1111101
100.1000001
000.1001101
100.1100101
100.1111101
000.1100101
011.1010101
100.1011011
011.0001111
111.1111111
111.0100001
000.1111001
011.0000001
100.1101001
100.1010101
000.1101001
100.1101011
011.1010011
111.1100111
000.1100101
011.1000011
100.1000001
000.1111111
000.0001011
100.0011001
111.1010001
000.1010101
000.1110101
000.0010001
111.1111111
011.1111101
011.1110001
011.1100001
111.0111001
100.1001111
000.0000001
100.1111011
000.1111111
000.1110011
100.1001101
111.1001001
111.1010101
100.1111111
111.1100001
111.1111111
111.0010111
000.1111101
100.1110101
011.1000111
100.1111101
111.1101011
000.1111001
111.1100001
100.0010101
000.1110111
111.1000101
000.1010001
100.1101101
011.1111011
111.1101001
111.1110001
011.1101111
111.1111001
000.1101101
011.0001101
011.1010101
000.1000011
111.1111101
000.1101011
111.0001001
111.1010101
011.1110111
000.1110101
100.1100101
100.1100011
011.0101111
000.0111101
111.1111001
100.1011001
011.1100011
011.0101001
000.1111111
111.1010011
100.1101001
000.1001011
011.1111011
011.0110111
000.0101111
100.1011101
100.1100011
111.0110101
111.1100001
011.1010111
100.1011111
100.1011101
011.0101111
011.0101011
111.1100001
011.1100111
011.0010001
100.1100001
111.1011001
000.0000001
011.1101101
100.0010001
011.1100111
100.1110011
011.1101101
000.1111101
000.1100111
011.1100001
011.1100001
000.0111111
000.1111101
000.1001011
000.1101111
000.1000101
011.1011111
111.1110011
111.1111101
000.1111011
000.0111111
100.1111101
000.1000101
011.0001101
111.1111111
000.1011011
000.0101001
100.1101101
100.0101111
000.1110001
000.1111101
000.1111111
011.1101011
011.1010111
100.1100001
100.0001111
100.0001111
011.1101111
011.0010111
000.1110011
