0001111101
0111111001
0111111011
1111111101
1001111111
0110000000
1111111111
0111111001
1001111111
0110000000
0111111011
1111111111
0001111111
0001111111
1001111111
0111111011
1111111111
0001111111
1001111111
1111111111
0110000000
1000000000
1111111001
1110000000
1111111111
0111111111
0111111111
0111111111
0110000000
0111111111
1111111111
0111111101
0111111001
0001111111
1111111101
1001111001
0001111101
1111111101
1001111101
1111111101
0000000000
0111111101
1001111111
0000000000
0111111011
1001111001
0111111001
1111111101
0001111111
0001111101
1001111111
0111111111
1001111111
0111111011
1111111001
1111111101
1001111101
1111111111
1000000000
0001111111
1001111111
1000000000
0001111111
0001111111
1000000000
1111111111
1111111111
1110000000
1111111101
1001111001
0001111111
1001111101
0001111111
0001111111
1001111111
1001111111
1001111101
0001111111
1111111111
1111111111
1001111011
0001111001
0000000000
1001111101
0111111101
1110000000
1001111111
1001111111
0111111111
1111111111
1111111101
0001111011
1001111101
0001111111
1001111001
0111111111
0111111001
0001111111
1111111111
1001111011
1001111011
1001111111
0110000000
0000000000
0001111111
1111111101
0111111101
0001111111
1001111011
0001111111
1111111111
1000000000
1111111111
1001111111
0001111111
1111111111
0111111001
0111111111
1111111011
0111111011
0001111111
0001111111
1001111101
0001111101
0111111111
0111111111
0111111111
1001111111
0111111111
1111111111
0001111101
1111111111
1110000000
1001111111
0110000000
0001111101
1001111101
1001111001
0001111111
1111111111
1001111101
1001111111
0111111011
0001111101
0111111111
0001111101
0001111111
1001111101
0111111111
0001111111
1111111101
0111111101
0001111001
1111111101
0111111101
1001111101
0111111011
1111111101
0111111111
0111111101
1001111111
1001111101
0111111011
1111111101
0000000000
0111111101
1001111111
1001111001
0111111001
0110000000
0001111111
0111111101
1001111111
0001111111
0111111111
1001111001
1111111111
0111111101
0110000000
1001111111
0111111001
1110000000
0001111011
1001111101
1001111001
0111111001
0001111111
1111111011
1001111101
0001111101
0111111111
1111111101
0110000000
0111111101
0001111111
0111111111
1001111111
1111111101
0001111101
0110000000
1111111111
0111101111
0110000000
0101111001
0001111001
0011111111
1011111011
1011110101
0111111001
1111111111
1101111111
0101110011
1111111101
0101111001
0011111101
1101111001
0011101111
0011110101
1111111011
1011100111
1101101001
1011110011
0011111001
1011110111
1111101111
1111110101
0111111001
0101110001
1101101001
1101111101
1001101001
1111111111
0010000000
1101111101
0101111011
1001111011
0001110111
0101101001
1011111111
1001111111
1110000000
0101111001
0111110101
0001100001
1101110101
1001111111
1101110111
0101111111
1001101011
1001110001
0101111101
0111100001
1011101111
0111111111
1111110011
1001101011
0001111101
0011111111
0001111001
0001111111
1111111111
0101110011
0010000000
1101100101
1111111011
0001100011
0101111101
1011111111
0001111011
0111101001
1001110011
0101100011
1101101001
0111100111
0001100101
1111111001
0001110101
0001111101
0011111101
1111111111
1111111111
0111111011
0010000000
0001111001
0101100101
0000000000
1101111111
1101101001
0101100111
0011110011
0001110011
0001100111
1101101111
0011111001
1010000000
0101111101
1101111111
0101111001
1101110011
1111111001
0101110001
0001101101
1011101001
1000000000
0011111101
0101110001
0011110001
0011110001
1111111111
0111110101
0011110111
1111101001
0111110101
1111100101
1001111111
0111111001
1111111101
0001101011
0001110111
0101110011
1011110001
0100000000
1111101011
0111111101
1001110011
0001100001
0001111111
1101110011
0011111111
1011110101
0011101011
0001111111
0101110011
0101101111
0001111001
0001111101
1111110011
0011110111
1101111111
1101101011
0101111011
0011100011
0101111001
0111110011
1111101111
1001100101
0101111111
1001110011
1111111111
1011100101
0001110011
1111111101
1011111111
0001101011
1011111101
0001110101
0011110001
0101110011
1111111111
1111100111
0001100101
0011111001
0011100011
0111111111
1111100111
0101111001
0111101001
1001110101
0101110011
0001101001
1011111111
1101111101
0111110111
0101110101
1111100111
0101110101
0110000000
1111111001
0011110011
0011110001
0101111111
1101101101
1001110011
0000000000
0001111111
1101100111
0001110011
0111111001
1011110111
0101111111
1001110101
1010000000
1001111001
0111110101
0001111111
1011111111
1111100011
1001110011
1001110001
1111110101
1001011011
1001111101
0001000101
0001100011
1001000011
0001110001
1001110111
1001111001
0001101011
0001001001
1001100001
0001111111
0001110101
0001001101
0001011111
1001010111
0001101111
1001111111
1001010001
0001101101
0001100001
1001101101
1001100101
0001000111
1001010001
0001111111
0001110011
0001100011
1001111111
0001101001
0001111011
0001111111
1001111111
0001001001
0001101111
1001010101
0001111011
1001111111
0001001101
1001001001
1001111011
0001011001
0001001111
1001111111
1001101111
1001101001
0001100001
1001101101
0001110101
0001101111
0001000101
1001110101
1001000001
0001101001
1001111111
1001010011
1001000011
0001111001
1001100111
0001101011
0001111111
1001111111
0001110011
1001110001
0001100111
0001111111
0001110001
0001110011
1001100001
1001110001
0001100001
0001110011
1001110111
0001000001
1001100101
1001111111
1001110111
1001001011
1001110101
0001111001
0001000011
1001111011
1001111001
1001110001
1001111001
0001111101
0001110111
0001100001
0001001011
0001111001
1001110111
1001111111
1001011001
0001011111
1001100001
1001011111
1001011111
0001010001
0001011111
0001111111
1001110001
0001110011
1001010001
1001001001
1001101101
1001001001
1001111001
0001110111
1001111011
0001111011
0001110111
0001011101
0001110011
1001111101
1001101111
1001111111
0001101111
0001011101
0001001101
0001100001
1001100011
0001111011
1001111101
0001111001
0001100111
1001110101
0001111111
1001100011
1001010101
1001100011
0001110111
1001111111
0001101001
0001011101
1001111111
0001100111
1001110011
1001101011
0001101001
0001010001
0001110001
0001111011
0001110001
1001100001
0001001111
0001110111
0001111111
1001101101
1001111101
0001110001
1001011101
1001001111
1001110101
1001111001
1001001101
1001110101
0001111011
1001000101
1001111111
0001011101
0001110101
0001011101
0001111111
1001111111
1001100011
0001110101
1001111101
1001111011
0001111111
1001100101
1001111011
0001110011
0001101101
0000000000
0001111111
1001101011
1001111101
1001110011
1001001011
1001111111
0001100101
0001111011
1001111101
1001101001
1001111111
0001100011
1001111111
1001100001
0001110111
1001110001
1001010101
1001010011
0001111111
1001111001
1001011111
1001110111
1001000111
0001010111
1001100001
0001100011
1001111111
1001111101
0001111111
1001111111
1001111111
0001111111
0001111001
1001111101
0001111101
1001110011
0000000000
0001110001
0001110011
0001111011
1001111101
0001111011
1001111111
1001111111
0001110001
1001111101
0001110101
0001111011
0001111111
1001111111
0001111101
1001111111
0000000000
0001111011
0001111101
1000000000
1001111111
0000000000
1001111011
1001110001
0001111111
1001111101
0001111001
1001111001
1001110101
0001111111
1001111101
1001111111
1001111001
1001110111
0001111001
0001111011
1001111101
1001111111
0001111101
1001111111
1001111111
1001111111
0001111101
1001111001
1001111101
0001110001
1001110111
1001111101
0001110101
0001110011
1001111001
1001111111
0001111101
0001111111
1001111001
1000000000
1001111101
0001111101
1001111011
0001110011
1001111111
1001111111
0001111111
1001111111
1001111001
0000000000
0001111001
0001110101
0001111001
0001111111
1001111111
0001111111
0001111101
0001111001
1001111111
0001111111
1001110011
0001111111
1001111011
1001111001
0001111111
1001111011
1001111011
0001111111
1001111111
1001111011
1001110111
1001110101
1001110011
0001111111
1001111111
1001111111
1000000000
1001110011
0001111101
1001110011
1001111001
0001111111
0001111111
1001111101
1001111111
0001111101
1001111101
1000000000
0001111101
1001110101
0001111111
0001111111
1001110111
0001111011
0001111001
1001111001
0001110101
1001111011
0001110101
1001110001
1001110001
1001111011
0001111111
0001111001
0001110101
0001110001
1001110111
1001111101
1001110011
1000000000
1001110001
0001111101
0001111011
1001111111
1001110001
1001111101
0001110101
0001111001
1001111111
1001111101
0001111111
0001111011
1001110101
0001111111
0001110101
1001111001
1001111111
0001111101
1001110001
1000000000
0001111111
0001111111
1001110001
0001110111
1001111101
0001111111
0001111001
1001110001
1001110011
1001110111
1001111011
1001111001
0001111001
1001111011
0001110011
1001111101
1001111001
0001111001
1001111101
1001110001
0001110101
0001111111
0001110111
1001110101
1001111111
1001111111
1001111001
0000000000
0001111001
1001111101
0001110011
0001110011
0001110001
0001111101
0001111101
1001111011
1001111101
0001110001
1001111111
0001111111
0001110011
0001110101
0001111111
1001111001
0111111001
0110011101
0111011001
0001101011
0111100111
1000010011
0111110001
0111000101
1001110111
1111011011
0111110111
0111111001
0110000000
0111001001
1001000101
1111010011
0110110101
0110001111
1000001111
0001111011
1001100101
0001000111
1111111001
1110001101
1110000111
1001111111
1000010111
0111110101
0111010101
0000001011
0001101111
1001001001
1001111011
1001111001
0001101111
0111110111
0110000101
1001010001
0001101101
0111001011
0000110011
0001111011
0001111001
0001010101
0110100111
1110001001
0000110011
1001010111
1111111101
1111010011
0111001111
0001001101
0111111001
0111111111
1001111111
1001011011
1000001111
1001101101
0111100011
0111111101
1001000001
0001001101
1001100101
1001111101
0001100101
0111010101
1001011011
0110001111
1111111111
1110100001
0001111001
0110000001
1001101001
1001010101
0001101001
1001101011
0111010011
1111100111
0001100101
0111000011
1001000001
0001111111
0000001011
1000011001
1111010001
0001010101
0001110101
0000010001
1111111111
0111111101
0111110001
0111100001
1110111001
1001001111
0000000001
1001111011
0001111111
0001110011
1001001101
1111001001
1111010101
1001111111
1111100001
1111111111
1110010111
0001111101
1001110101
0111000111
1001111101
1111101011
0001111001
1111100001
1000010101
0001110111
1111000101
0001010001
1001101101
0111111011
1111101001
1111110001
0111101111
1111111001
0001101101
0110001101
0111010101
0001000011
1111111101
0001101011
1110001001
1111010101
0111110111
0001110101
1001100101
1001100011
0110101111
0000111101
1111111001
1001011001
0111100011
0110101001
0001111111
1111010011
1001101001
0001001011
0111111011
0110110111
0000101111
1001011101
1001100011
1110110101
1111100001
0111010111
1001011111
1001011101
0110101111
0110101011
1111100001
0111100111
0110010001
1001100001
1111011001
0000000001
0111101101
1000010001
0111100111
1001110011
0111101101
0001111101
0001100111
0111100001
0111100001
0000111111
0001111101
0001001011
0001101111
0001000101
0111011111
1111110011
1111111101
0001111011
0000111111
1001111101
0001000101
0110001101
1111111111
0001011011
0000101001
1001101101
1000101111
0001110001
0001111101
0001111111
0111101011
0111010111
1001100001
1000001111
1000001111
0111101111
0110010111
0001110011
