0000110000
1111000000
1110110000
0001100000
1110000000
0011010000
0000110000
0010100000
0001110000
0010100000
0001110000
0001000000
0001100000
0000010000
0000010000
0001110000
0000010000
0001110000
0001110000
0001100000
1110100000
0010110000
0001000000
0011000000
0000110000
1110100000
0001100000
0001000000
0000010000
1110110000
0001010000
0000110000
0000000000
0001010000
0000000000
1111010000
1110000000
0001010000
0001010000
0000110000
0001000000
0011000000
0000100000
0010110000
0000000000
0011000000
1110010000
0001010000
1111000000
1110010000
0000110000
1110000000
0000000000
0001000000
0001110000
0001010000
0010110000
0000100000
0000110000
0000110000
0011110000
1111100000
0010010000
1110010000
0000100000
1110000000
0001010000
0001000000
0011100000
0010110000
0001100000
0011010000
0011010000
0001110000
1111000000
0001100000
0011000000
0001000000
0010010000
0000110000
0011000000
0001110000
0000110000
0001000000
0000100000
0001010000
0001000000
1110100000
0000110000
1110010000
1111100000
0010000000
0001000000
0000000000
1111100000
0001010000
0001010000
0000110000
0000100000
0001000000
0001000000
1110000000
0001010000
1110100000
1110010000
0001010000
0010010000
0011000000
1111000000
0000010000
0000010000
1110110000
0001100000
0000110000
0000110000
0010100000
0001100000
0011110000
0001000000
0011110000
0000110000
0001000000
0010000000
1111000000
1110000000
1111010000
0001010000
1111110000
1110100000
0000000000
1110100000
0000100000
1110010000
0010100000
0000010000
1111100000
1110100000
1110010000
0010010000
0000000000
0001000000
0001000000
0000110000
0011110000
0001010000
0011100000
0000010000
1111100000
0000010000
0001100000
0011110000
1110100000
0001100000
1111110000
0011010000
0001110000
0011000000
1111010000
1110100000
1111000000
1111010000
0000110000
0000000000
0011110000
0001110000
1110000000
0000010000
0011100000
0011100000
0001100000
0001100000
0001100000
1111010000
1110010000
1111110000
1111000000
1110110000
0001110000
0010110000
0001000000
0000100000
0001010000
0000010000
0000100000
0011100000
0000000000
0011010000
0010000000
1111100000
1111000000
1110000000
1110000000
0001100000
1111100000
0000100000
1110110000
1110110000
0001100000
0000110000
0001000000
1110011100
0101101100
0010001000
0100110100
1101011000
0001110000
0001100000
1101001100
1101101000
0101101100
0101110100
1110010100
0011011100
0001101000
1110001100
1101101100
1100110100
1011000100
0011011100
1010001000
0011000000
1100111100
0001111100
0100000000
0111101100
0100101000
1101101100
0101001000
1101010000
0001010100
0001001000
1101101100
1011110100
1011000100
0011010100
0101111000
0010011000
0001110100
0110111000
0000000100
0111100000
0110001100
1111100100
1110001000
1011110100
0001000000
0001010100
1110110100
0100101100
1010110100
0000011000
0000110100
1110110000
1010101000
0011100100
0110101000
0000011100
0110000100
0001000000
1010010100
0111011100
0011101100
0000101000
1110000100
0000001100
1111101000
0001010000
0101111000
1101111000
0101111100
0000111000
0101000100
0001011100
0010111000
0110000100
0001010100
0001111000
0110010100
0000001000
0100110000
0110111100
0110011000
0101001100
1010010000
1010101100
0000000100
0010101000
1010000000
0110000000
1101110100
1010101000
1111001000
0101110000
0011011100
0001100000
0011011000
1111111100
0000001100
0111111100
0101101000
1101111000
0110111100
0010101100
0000001000
0111111000
0011111100
0001000100
0011100000
1011101100
1110100100
0111001100
0011101100
0000010000
0011111100
1101010100
0010111100
0001001100
0111001000
0111101000
0111100000
0010010100
1101010100
0011001100
1100111100
1110101100
0010101000
1011101000
0110110000
0111010000
1011001000
0001110000
0000100100
1111100000
0001111000
0010111100
1110101100
0010110000
0100111000
0000110000
0110001000
0001000000
1010111100
1010011000
0100111100
0000101100
1011100100
0010110000
1111110100
0000000000
0010101100
0001011000
1111000000
0110111000
0101110000
1011010000
0110101100
0110010100
1111110000
0011000000
0001100000
0001100000
0000101100
0110001000
0101001000
0010011100
1011101100
0010110100
0000101100
0101100000
0001011000
1110100000
1100000000
0001001000
1010001000
1011001000
0110110000
1101111000
0100110000
0001101100
0011001000
0001101000
0001000000
0101000100
0000011000
1101100100
0011000100
1011101000
0010101000
1011100000
1101000100
0011000100
0010110100
0000101000
1111110000
0100111000
0001101000
0001101100
1100110100
1111001000
0101001000
0000001110
0000101100
0000100010
0001101010
0000110000
0001111010
0001111000
0001011000
0000001000
0001001000
0000100010
0001101010
0001101000
0000111110
0001100010
0001000110
0000101100
0001110110
0000110110
0001011000
0001111000
0001010100
0001001000
0001100110
0000100100
0001100010
0000000110
0000101100
0000011110
0000110000
0000001000
0000101110
0001001010
0001110000
0001111100
0001111000
0000111110
0001110110
0001001100
0001011000
0001111010
0001100010
0000010010
0000110000
0000000110
0001011110
0000110010
0001011100
0000110110
0000001110
0001100000
0001011000
0001111100
0000011100
0001000100
0000100010
0000000010
0001100100
0001101000
0000101110
0000101100
0001010100
0000110110
0001111100
0001110100
0000001010
0000100010
0001000110
0001010000
0000001010
0001001100
0000110000
0001101110
0000011100
0000001110
0001110100
0000001100
0001011100
0000100100
0000111110
0000010100
0000010100
0000110110
0000001100
0001000100
0000000010
0001111100
0001110100
0001101110
0000100110
0000101000
0001011100
0001010010
0000001000
0001000110
0001101110
0000111110
0000100100
0000100000
0001000010
0001001110
0001101110
0001011100
0001001100
0000101010
0000001000
0001111010
0001101110
0000100110
0000011110
0000010010
0001100110
0001110010
0000001000
0000011010
0000001100
0001001100
0001001100
0001000100
0000011100
0000000000
0000010110
0001110100
0001100000
0001011000
0000000110
0000101100
0001101100
0001001010
0000001110
0001010000
0001001010
0000110000
0001110000
0000010000
0000100110
0000011100
0001011110
0000110010
0001101000
0000101110
0000110010
0001001000
0001011100
0000000010
0000011100
0000000100
0000101010
0001010010
0000101000
0001010100
0000101010
0001111010
0000100100
0000010000
0000100000
0001110100
0001000000
0001000000
0000110110
0001000100
0001000110
0001100010
0001000110
0000110000
0000100110
0001011010
0001000000
0000001100
0000110110
0000100100
0001011110
0001111000
0001101000
0001010100
0000111010
0000011100
0000000000
0001111110
0000010010
0000110110
0001110100
0000000000
0001001010
0001111000
0001100010
0000101010
0001101000
0000011000
0000011110
0001010010
0000101000
0001111110
0001100010
0001101100
0000101010
0000000010
0001001100
0001011100
0001111000
0001101000
0000000000
0001101000
0000001000
0000010000
0000010000
0001110000
0000010000
0001001000
0001111000
0001010000
0001011000
0000001000
0000000000
0000000000
0001110000
0000011000
0000001000
0000010000
0000001000
0000010000
0001101000
0000000000
0001100000
0000011000
0001001000
0001111000
0001010000
0000110000
0000001000
0001110000
0000110000
0001110000
0001101000
0000110000
0000011000
0001000000
0000000000
0000011000
0000001000
0001110000
0000010000
0001010000
0000011000
0000101000
0000101000
0001011000
0001110000
0001000000
0000000000
0000100000
0000011000
0000101000
0001000000
0001110000
0001010000
0000000000
0000010000
0001011000
0000011000
0001000000
0001000000
0001010000
0001111000
0001110000
0000011000
0001111000
0000100000
0001010000
0000010000
0000011000
0000110000
0001101000
0001110000
0001110000
0001111000
0001000000
0001100000
0001101000
0000011000
0000110000
0000111000
0001010000
0001110000
0000001000
0000000000
0000010000
0000011000
0000111000
0000110000
0000101000
0000010000
0001010000
0000011000
0001101000
0000101000
0000110000
0001001000
0001100000
0000011000
0000111000
0000000000
0001011000
0001010000
0001111000
0001000000
0000001000
0000101000
0000110000
0001011000
0000001000
0001000000
0001010000
0000100000
0000000000
0001100000
0001000000
0001110000
0001110000
0000001000
0000001000
0000101000
0001101000
0000100000
0000010000
0000000000
0000111000
0000001000
0000001000
0001000000
0001001000
0000000000
0001110000
0000000000
0001100000
0000101000
0000111000
0001010000
0001100000
0001110000
0000011000
0000100000
0001100000
0001111000
0000101000
0001100000
0001111000
0001110000
0000110000
0000000000
0001010000
0001000000
0001010000
0000011000
0000010000
0001000000
0000010000
0000101000
0001110000
0000011000
0000010000
0001101000
0000111000
0000011000
0000110000
0001010000
0000110000
0001110000
0000000000
0001111000
0000101000
0001101000
0001010000
0000000000
0001100000
0001011000
0000011000
0001110000
0000010000
0000100000
0000001000
0001000000
0001000000
0001110000
0001100000
0001100000
0001101000
0000011000
0001111000
0001111000
0000100000
0001000000
0001110000
0000100000
0000101000
0000100000
0000010000
0000000000
0000100000
0001010000
0000000010
0001011100
0010010001
0011111010
1110111010
0000111011
0001010111
0001100010
0001011011
0000001000
0000001010
0000011010
1111101011
0001100010
0000000101
0011011110
0011010000
0000000110
0000101101
0000100111
1110000001
0010000111
1111100010
0001011001
0001010011
0001100100
0001110010
0000010001
1111111101
1110010101
0010000111
0011000011
0000011011
0001111110
0001010111
1111011101
0000011010
0010000010
0001110100
0010001101
0000000001
0010010111
0000100010
0000101110
1111000010
1110100111
0001111010
0000101101
0001011101
0000010001
0000010111
0010001010
0001000101
1110100011
0000010110
0011111010
1110101110
0000111100
0001101000
0000110100
0010101100
0010101101
0011001000
0001101000
1110010110
1110010110
1111110010
1111100100
1111111111
0001110100
1111011101
0011101110
1110000010
1111111101
0000111001
0000111000
0010111011
0011010111
0011001100
1110000110
1110001001
0000010001
0000111111
0001000000
0010100000
0011101000
0000000010
0001111101
0001000011
1111101000
1110001100
0000011001
0011100010
1110001001
1110000100
1110011100
0001010110
1110010110
1111011000
0001010100
1110101000
0000111001
0001101110
0001110111
0001011101
1111110000
0001111000
0010111011
0001000000
1110000100
0000100110
0011000000
0000000011
0011101001
0000101101
1111011001
0000110111
0000110101
0011000100
1110010000
1111011010
1111011101
1110111000
0010000111
0000100000
0000001011
0011010010
0000001100
0010101011
1111000001
0000100110
0011000100
0011110110
0000001110
1110010100
0000011011
1110111001
0000000011
0001100110
0010110101
0000101001
0000110101
0010100011
1110010101
0000100100
0010110100
0010111100
0001101011
1110100000
0001001000
0000111101
0011111011
0000000010
1110100111
0010111111
0001101101
1110111100
0001101100
0010001101
1111000111
0010001000
1110000101
0001101000
0001011010
1110110111
0001001011
1110100010
0011100111
0011110101
0000000010
0010011011
0001011011
1111101101
0000110000
0001001010
0001111001
0000011111
0001110011
0011010100
0011110010
0000111000
0001110111
1110011010
0011100100
0011010101
0000010000
0001111111
0001101110
1111001010
0010010010
1111000010
1110001011
0000101011
0010000000
0001011101
0010000110
0000101011
0011001100
1110001100
0011101011
